Watch on right writst, flap arms with watch facing up

fly(15), 56,24,-7,49,24,-6,50,28,-15,66,37,-52,91,52,-90,118,67,-94,127,66,-61,102,48,-14,51,27,15,10,9,13,-18,0,-6,-34,-1,-21,-41,-1,-29,-44,-1,-36,-46,1,-41
fly(15), -46,2,-44,-45,-1,-38,-39,-9,-11,-17,-14,20,25,2,28,77,37,4,110,66,-41,112,69,-73,92,62,-77,76,50,-61,69,38,-40,63,31,-24,60,28,-11,59,28,-9,59,27,-9
fly(14), 58,30,-11,63,35,-31,75,47,-73,102,62,-99,127,68,-83,118,54,-38,73,35,-2,25,19,10,-7,6,3,-27,0,-11,-37,-1,-24,-42,0,-33,-44,1,-38,-45,1,-43
fly(16), -44,2,-47,-43,1,-41,-40,-4,-22,-29,-6,2,0,0,15,50,19,14,94,54,-17,109,77,-58,98,75,-74,81,62,-70,71,43,-54,64,32,-34,60,30,-18,58,30,-9,57,30,-7,57,30,-8
fly(13), 57,30,-12,60,36,-27,68,43,-62,88,49,-88,108,54,-81,104,31,-18,30,20,-4,-1,11,-6,-20,6,-18,-30,4,-31,-34,4,-41,-35,4,-48,-36,3,-51
fly(15), -33,3,-54,-33,1,-45,-29,0,-23,-12,5,-1,21,17,5,62,34,-12,94,51,-46,98,61,-73,81,62,-77,69,53,-60,65,40,-38,61,32,-21,58,30,-13,58,29,-10,57,28,-10
fly(13), 57,31,-13,59,35,-27,66,37,-60,85,39,-90,103,43,-79,94,39,-40,59,28,-12,24,16,-9,1,9,-21,-10,7,-37,-15,8,-51,-17,8,-58,-18,8,-59
fly(13), -17,5,-60,-17,3,-47,-12,3,-20,8,12,3,47,26,1,85,40,-37,94,48,-74,81,49,-79,62,34,-43,60,31,-26,57,29,-17,56,29,-13,56,30,-12
fly(14), 55,32,-15,58,34,-27,64,36,-55,81,34,-86,101,35,-91,104,36,-65,76,30,-24,33,23,5,2,16,2,-13,11,-23,-19,7,-46,-21,5,-56,-21,4,-59,-21,4,-61
fly(14), -18,5,-61,-17,3,-39,-8,6,-14,17,17,-1,52,33,-12,80,47,-38,89,57,-65,79,56,-77,69,44,-61,63,34,-38,59,31,-23,58,29,-16,57,29,-14,56,29,-14
fly(13), 56,31,-16,59,33,-32,67,35,-62,81,40,-82,94,44,-73,86,39,-47,58,29,-21,25,19,-9,1,13,-18,-11,11,-35,-16,12,-47,-18,11,-54,-19,11,-58
fly(13), -19,9,-58,-17,5,-39,-7,7,-11,16,18,1,48,31,-14,78,37,-47,89,36,-76,78,38,-79,66,39,-63,61,35,-42,58,32,-27,57,31,-19,56,30,-16
fly(14), 55,32,-16,56,36,-27,63,39,-61,82,42,-95,105,45,-92,102,41,-50,66,31,-9,24,21,4,-2,13,-10,-14,11,-33,-19,9,-48,-21,8,-55,-22,7,-58,-22,6,-61
fly(14), -22,9,-60,-21,6,-49,-17,5,-25,-1,10,-2,32,21,0,69,37,-30,86,48,-68,80,53,-78,67,51,-64,60,43,-46,57,37,-32,56,33,-23,56,32,-19,55,31,-18
fly(13), 55,32,-18,56,36,-32,64,38,-67,80,41,-88,90,41,-73,79,33,-46,51,25,-24,21,17,-17,1,12,-25,-16,9,-45,-18,9,-52,-18,8,-58,-18,7,-61
fly(10), -18,7,-60,-18,5,-51,-14,5,-33,-1,12,-14,24,21,-15,51,23,-47,65,25,-75,63,36,-75,56,46,-65,52,44,-54
fly(12), 48,34,-30,48,35,-38,51,39,-60,61,48,-90,77,52,-95,79,42,-62,21,17,-12,-1,12,-19,-14,10,-31,-19,10,-43,-21,10,-53,-21,9,-58
fly(14), -21,8,-60,-21,6,-52,-18,5,-31,-5,9,-7,24,18,2,63,32,-16,92,46,-54,92,52,-78,76,50,-73,66,39,-54,62,31,-34,59,28,-21,57,28,-15,57,29,-14
fly(14), 56,29,-13,57,30,-19,74,34,-80,96,35,-97,108,35,-76,91,29,-41,53,21,-15,14,18,-4,-10,17,-9,-21,12,-27,-25,6,-45,-26,4,-55,-27,3,-57,-27,3,-58
fly(14), -26,4,-54,-25,2,-39,-17,4,-17,5,10,-2,41,23,-8,76,35,-40,89,38,-75,81,37,-85,69,35,-71,64,32,-50,60,30,-34,58,28,-24,57,27,-19,56,28,-18
fly(13), 56,30,-23,58,34,-45,69,39,-79,90,42,-94,100,39,-71,80,32,-31,43,23,-8,11,15,-12,-7,11,-28,-16,9,-41,-20,9,-48,-22,8,-53,-22,6,-57
fly(14), -21,8,-60,-21,7,-52,-19,6,-34,-7,10,-13,18,18,-2,53,29,-15,83,40,-48,89,47,-76,77,39,-61,61,32,-39,58,29,-24,57,28,-17,56,28,-16,56,29,-16
fly(13), 56,32,-18,61,32,-42,77,31,-85,104,33,-100,114,34,-67,87,29,-22,44,24,3,9,20,-3,-7,17,-24,-14,15,-42,-17,12,-54,-18,10,-59,-18,9,-61
fly(14), -16,9,-59,-14,7,-43,-6,8,-20,13,15,-7,43,27,-15,74,37,-44,84,42,-70,75,42,-75,66,38,-62,62,33,-44,60,29,-29,58,27,-19,57,27,-16,57,27,-16
fly(13), 56,29,-15,57,32,-26,63,38,-55,80,37,-84,97,33,-82,93,31,-53,65,26,-24,30,19,-14,5,15,-20,-8,13,-33,-16,13,-43,-19,12,-51,-21,10,-55
fly(14), -21,8,-60,-21,6,-51,-17,5,-28,-3,8,-4,30,19,2,68,34,-26,86,46,-65,80,49,-79,67,47,-68,61,42,-51,59,36,-35,57,32,-25,56,30,-20,55,29,-19
fly(11), 55,31,-21,56,34,-36,65,39,-74,88,43,-102,105,43,-81,90,36,-37,52,26,-11,-16,9,-36,-22,9,-46,-24,7,-52,-25,5,-55
fly(14), -25,5,-57,-24,2,-44,-17,3,-22,0,9,-5,34,19,-2,74,30,-27,99,32,-63,97,30,-81,82,29,-76,72,26,-54,65,24,-32,61,24,-20,60,25,-15,59,24,-13
fly(12), 58,25,-14,60,26,-21,64,27,-46,94,33,-85,98,35,-63,77,30,-34,43,21,-16,13,14,-15,-5,10,-25,-15,8,-37,-20,8,-47,-21,8,-55
fly(14), -21,6,-61,-21,5,-50,-16,5,-26,-1,10,-4,33,19,0,72,37,-25,92,46,-61,89,41,-78,76,35,-72,68,30,-53,63,28,-34,60,27,-21,59,26,-15,58,25,-13
fly(14), 58,26,-15,59,27,-24,63,31,-48,76,37,-79,97,42,-94,108,44,-78,92,37,-45,54,27,-14,15,17,-2,-12,6,-9,-27,-1,-23,-34,-4,-35,-37,-4,-43,-38,-6,-46
fly(15), -38,-8,-52,-37,-9,-45,-33,-10,-21,-18,-5,4,14,7,11,59,29,-10,93,50,-50,96,59,-75,81,58,-75,70,47,-61,65,37,-44,62,31,-29,60,29,-20,58,27,-13,57,28,-12
fly(14), 57,29,-13,60,31,-34,76,33,-84,111,34,-116,127,36,-92,118,34,-44,70,27,-5,23,22,12,-9,13,6,-27,3,-13,-35,-1,-32,-38,-2,-43,-40,-2,-49,-40,-1,-51
fly(14), -40,-1,-50,-38,-4,-41,-32,-7,-13,-11,-1,13,29,12,18,82,34,-3,121,57,-42,98,61,-75,80,48,-54,69,35,-30,64,28,-15,62,25,-8,60,24,-5,60,24,-5
fly(13), 61,25,-8,64,32,-33,83,47,-85,126,56,-112,127,53,-77,127,40,-20,70,23,14,16,13,17,-14,11,0,-28,10,-23,-34,7,-37,-37,5,-42,-38,5,-48
fly(13), -38,2,-46,-35,-1,-24,-21,-2,6,65,28,2,108,45,-45,113,47,-81,94,41,-85,79,34,-68,70,27,-44,64,24,-27,61,24,-18,60,24,-13,60,23,-12
fly(13), 59,26,-17,64,29,-49,86,32,-91,115,33,-96,121,33,-66,94,28,-31,51,22,-9,13,20,-4,-13,17,-13,-26,10,-28,-32,6,-39,-35,5,-43,-36,3,-47
fly(14), -35,1,-49,-33,-1,-30,-23,0,-4,4,7,10,51,22,7,97,44,-28,112,59,-70,98,56,-83,79,44,-71,70,35,-47,64,30,-26,61,26,-16,61,24,-11,61,22,-11
fly(13), 60,23,-10,62,25,-22,70,35,-58,94,46,-94,124,46,-91,124,40,-53,87,30,-14,39,20,3,-19,10,-19,-28,6,-36,-33,3,-40,-35,0,-43,-37,-1,-48
fly(14), -34,-2,-52,-33,-4,-31,-22,-2,-3,6,8,12,51,26,1,93,45,-36,103,57,-73,88,55,-83,74,42,-69,67,32,-47,63,26,-29,60,24,-19,59,24,-15,59,25,-13
fly(12), 59,25,-13,68,33,-59,85,36,-84,102,35,-78,95,31,-47,64,26,-19,29,20,-13,4,15,-23,-10,12,-35,-18,11,-43,-21,9,-50,-23,7,-55
fly(13), -23,4,-56,-21,2,-39,-12,5,-14,12,14,2,49,28,-12,80,37,-52,87,40,-85,75,35,-88,64,26,-71,59,23,-50,56,21,-36,55,21,-31,54,20,-31
fly(11), 54,19,-37,65,16,-86,84,19,-104,91,23,-79,72,22,-37,37,17,-15,8,12,-18,-8,8,-32,-16,6,-43,-19,4,-50,-21,1,-55
fly(10), -23,1,-60,-22,-2,-50,-18,-1,-24,-1,10,-5,26,22,-15,56,27,-45,72,29,-74,69,31,-83,62,30,-74,58,26,-60
fly(12), 53,23,-32,54,21,-47,67,18,-89,91,21,-114,104,25,-86,46,21,-3,10,17,0,-9,15,-21,-16,12,-44,-19,9,-54,-21,7,-57,-21,6,-58
fly(13), -21,4,-58,-21,1,-45,-14,3,-16,10,12,5,47,25,-11,79,31,-53,86,30,-85,74,28,-87,65,25,-69,60,23,-51,58,22,-38,57,21,-32,56,21,-29
fly(12), 55,22,-35,57,22,-44,61,23,-67,73,26,-91,85,29,-88,80,27,-59,54,20,-29,0,10,-20,-14,9,-34,-20,8,-44,-23,6,-50,-25,4,-55
fly(13), -25,2,-54,-23,-1,-36,-12,3,-10,13,14,-1,48,24,-19,76,28,-59,81,30,-86,70,32,-85,61,28,-69,58,23,-52,57,21,-40,57,19,-33,56,18,-30
fly(12), 56,19,-39,57,20,-47,57,22,-60,65,23,-85,80,25,-99,82,25,-74,60,20,-31,25,16,-7,-15,6,-32,-22,5,-45,-25,5,-52,-26,4,-55
fly(14), -26,3,-57,-25,4,-47,-20,6,-29,-7,11,-14,20,17,-14,52,21,-33,76,25,-64,82,23,-86,73,18,-85,65,15,-67,61,17,-47,58,19,-34,57,20,-28,56,20,-26
fly(12), 55,23,-27,55,22,-37,62,22,-72,80,22,-101,96,24,-90,57,24,-24,21,18,-12,-3,13,-18,-17,9,-30,-23,6,-41,-26,4,-50,-26,3,-55
fly(14), -26,2,-57,-26,1,-49,-22,2,-32,-11,6,-15,12,13,-8,47,24,-20,77,36,-52,85,43,-77,76,41,-79,67,34,-66,62,29,-48,59,25,-33,58,23,-25,57,24,-21
fly(12), 56,25,-21,60,25,-48,69,28,-76,85,32,-87,92,33,-72,78,29,-45,47,21,-23,17,15,-18,-4,12,-23,-17,10,-31,-23,10,-40,-25,9,-48
fly(14), -25,6,-58,-24,4,-49,-19,4,-28,-4,9,-9,23,18,-8,56,31,-28,79,39,-57,81,42,-74,73,42,-72,66,35,-57,62,28,-40,59,26,-28,59,26,-21,58,26,-17
fly(13), 58,26,-18,61,28,-40,74,28,-77,95,29,-90,101,32,-66,81,29,-38,49,22,-23,20,15,-18,-2,11,-24,-15,8,-35,-21,7,-45,-24,6,-50,-25,4,-54
fly(12), -26,3,-56,-25,2,-42,-18,4,-20,1,11,-4,33,23,-12,80,39,-68,78,40,-76,70,35,-68,63,31,-52,59,28,-39,58,27,-30,57,27,-24
fly(13), 56,26,-20,58,26,-39,74,27,-84,103,29,-107,119,34,-77,98,32,-35,56,23,-12,17,16,-5,-9,12,-14,-22,8,-30,-28,4,-42,-30,1,-49,-31,1,-53
fly(14), -28,1,-58,-27,1,-44,-20,3,-19,-1,10,-2,33,21,-5,71,33,-31,94,37,-65,92,35,-81,78,32,-74,70,27,-54,65,24,-35,61,23,-22,60,25,-16,60,25,-13
fly(15), 59,25,-13,61,26,-23,64,28,-42,74,36,-73,95,39,-92,111,36,-81,98,31,-45,58,25,-7,16,19,6,-10,10,-7,-23,3,-29,-28,-1,-43,-31,-3,-50,-32,-3,-54,-32,-2,-56
fly(15), -29,1,-55,-28,0,-47,-24,1,-37,-16,3,-28,1,9,-21,28,17,-18,62,30,-28,89,44,-52,92,45,-72,81,34,-72,73,23,-54,66,20,-33,62,23,-21,61,26,-15,60,26,-11
fly(13), 59,25,-9,61,26,-19,69,23,-53,92,13,-91,121,22,-60,87,26,-23,42,23,-3,7,16,-6,-14,8,-21,-23,2,-35,-27,-2,-46,-29,-4,-52,-30,-4,-55
fly(16), -28,-1,-53,-25,-1,-44,-20,0,-34,-9,3,-26,10,9,-22,38,21,-24,67,42,-31,88,51,-46,92,44,-60,82,39,-63,72,28,-48,64,20,-28,56,24,-13,52,28,-5,52,30,-3,52,31,-4
>
