Watch on right arm, karate punch infront of you

punch(18), 56,34,-10,60,41,-10,62,52,-10,56,61,-9,43,63,-9,29,56,-10,12,48,-11,-11,46,-16,-42,48,-32,-78,41,-43,-78,20,-37,7,20,-33,53,18,-35,22,6,-40,6,7,-50,-1,4,-57,-5,4,-61,-7,5,-63
punch(12), -3,2,-62,10,3,-51,29,18,-34,25,39,-19,-22,55,-6,-71,57,1,-81,51,8,-65,54,13,-48,54,16,-41,48,18,-40,47,18,-39,48,18
punch(13), -38,49,18,-45,48,16,-61,51,7,-77,53,-1,-87,46,-5,-71,27,-7,3,22,-15,39,14,-29,15,5,-44,5,10,-55,-1,9,-60,-4,8,-62,-5,7,-64
punch(12), -6,4,-64,5,5,-58,24,13,-46,31,29,-31,5,43,-8,-45,44,18,-80,39,36,-74,38,45,-50,32,50,-36,25,54,-30,24,54,-26,23,54
punch(13), -25,25,54,-32,28,52,-49,36,48,-71,47,44,-91,53,39,-77,26,34,8,11,11,53,2,-15,25,-16,-31,10,-8,-48,1,-3,-57,-3,-3,-62,-6,-3,-64
punch(13), -1,-5,-61,7,-2,-54,16,9,-43,19,27,-22,4,45,3,-33,51,31,-68,46,58,-70,40,63,-46,31,59,-29,24,58,-22,21,58,-18,22,58,-17,23,58
punch(13), -18,21,58,-26,23,57,-45,28,56,-69,38,58,-81,50,60,-72,40,55,5,22,33,47,5,-1,19,-9,-27,10,-7,-48,3,-7,-59,-1,-5,-63,-4,-5,-64
punch(12), 2,-8,-62,14,-6,-52,30,12,-35,26,34,-17,-6,47,7,-50,49,40,-70,46,61,-55,39,62,-35,26,60,-22,19,60,-16,20,60,-13,19,60
punch(12), -14,18,59,-43,32,60,-68,46,60,-82,53,51,-66,40,31,13,30,4,52,12,-15,25,-7,-29,11,-5,-48,3,-3,-60,0,-1,-64,-2,-1,-65
punch(13), -1,-4,-65,5,-5,-64,17,-3,-56,28,9,-41,23,31,-20,-7,44,5,-53,47,34,-77,42,52,-62,33,55,-40,25,57,-26,21,58,-20,22,58,-17,21,58
punch(12), -23,22,57,-42,28,55,-64,40,62,-75,46,62,-72,36,37,-15,17,13,35,14,-11,26,14,-34,14,3,-47,5,-1,-58,0,-1,-62,-2,0,-64
punch(12), 2,-3,-64,11,-1,-57,23,10,-43,25,27,-22,1,42,4,-37,47,30,-67,35,58,-48,29,56,-32,24,56,-23,23,58,-19,23,58,-18,22,57
punch(13), -21,24,56,-35,29,54,-54,35,53,-67,44,50,-77,52,36,-43,48,18,19,33,-3,34,11,-21,19,-4,-36,10,-7,-51,4,-5,-59,0,-5,-63,-1,-6,-64
punch(13), 1,-10,-63,9,-11,-58,22,-5,-49,30,15,-39,19,33,-20,-17,43,13,-59,50,46,-71,46,59,-52,35,58,-32,28,58,-20,26,59,-15,26,58,-13,24,58
punch(13), -18,24,57,-30,29,55,-48,38,56,-61,49,55,-68,55,38,-58,37,17,12,27,-1,50,16,-19,22,-1,-36,10,0,-52,3,-1,-60,-1,-1,-64,-1,-1,-65
punch(13), 0,-4,-65,7,-5,-61,18,0,-53,27,16,-43,20,30,-28,-10,43,-1,-53,46,33,-69,44,52,-53,41,55,-35,30,57,-22,25,58,-15,25,58,-12,24,58
punch(12), -13,23,58,-19,27,57,-36,37,55,-59,48,56,-64,52,24,-16,41,1,29,21,-16,23,1,-31,12,-7,-44,6,-8,-56,1,-7,-62,-1,-5,-63
punch(14), -1,-7,-64,5,-9,-59,16,-6,-51,27,11,-44,21,32,-31,-6,47,-10,-48,47,20,-71,44,43,-60,41,49,-41,32,52,-25,29,55,-18,28,57,-16,26,57,-15,26,56
punch(13), -16,26,56,-24,30,56,-43,37,54,-65,45,54,-77,53,47,-67,44,31,8,24,7,48,6,-19,18,-7,-34,8,-8,-47,2,-8,-56,-1,-6,-62,-2,-5,-64
punch(14), -1,-10,-64,4,-11,-62,13,-10,-52,22,1,-38,26,24,-18,15,47,17,-22,51,61,-52,48,85,-50,43,79,-30,30,72,-6,21,67,6,18,62,9,15,62,11,15,61
punch(12), 7,17,61,-9,27,65,-30,43,73,-40,60,74,-43,70,48,-41,57,16,12,35,-6,40,19,-23,16,7,-35,6,2,-46,-1,-1,-55,-5,-2,-60
punch(13), -4,-6,-64,4,-7,-56,16,1,-44,25,22,-31,18,41,-16,-32,56,51,-48,46,78,-36,35,79,-16,27,72,0,22,65,8,19,63,12,16,61,13,16,61
punch(13), 11,17,61,-3,27,66,-28,42,76,-45,55,79,-48,68,63,-41,56,43,23,34,20,56,12,-5,24,-9,-26,15,-9,-46,7,-7,-58,3,-7,-63,1,-7,-64
punch(14), 0,-9,-64,6,-10,-60,18,-5,-48,30,15,-32,26,38,-14,-1,52,7,-36,57,41,-52,51,68,-40,42,71,-21,34,65,-5,28,62,3,25,61,7,23,60,9,21,60
punch(15), 8,20,60,3,24,62,-15,37,66,-36,52,73,-42,63,69,-37,66,44,-37,40,17,11,13,-4,46,8,-26,23,5,-40,12,6,-52,2,2,-64,0,2,-64,0,1,-65,-1,1,-65
punch(14), 3,-4,-63,9,-7,-56,19,0,-44,30,23,-28,24,47,-8,-2,60,11,-33,60,37,-45,53,61,-36,43,68,-20,35,65,-3,31,61,5,28,59,8,26,59,10,24,58
punch(13), 11,24,58,-5,34,62,-29,49,70,-46,63,69,-51,73,49,-35,45,25,25,23,2,55,20,-20,31,5,-36,17,0,-49,9,-4,-57,4,-5,-61,3,-4,-63
punch(13), 4,-7,-64,11,-10,-59,23,-4,-46,33,18,-32,27,42,-14,-6,57,5,-44,59,33,-56,58,56,-42,51,59,-24,42,56,-9,37,57,1,31,56,1,31,55
punch(14), 3,29,57,-2,33,58,-23,47,63,-45,59,66,-52,64,51,-55,55,24,-9,28,1,40,20,-19,33,18,-34,19,3,-44,10,-4,-54,4,-4,-61,1,-3,-64,-1,-2,-65
punch(13), 1,-2,-66,12,-2,-55,22,9,-44,23,27,-28,5,42,-5,-31,55,27,-54,62,48,-48,57,52,-31,44,57,-12,37,58,-2,33,58,0,31,58,2,30,56
punch(14), -2,30,58,-18,38,61,-35,49,63,-44,62,60,-53,66,47,-27,33,28,31,14,-3,45,13,-27,25,0,-38,14,-2,-49,3,-1,-61,1,0,-64,0,0,-65,0,1,-65
punch(14), 2,-2,-65,7,-5,-62,15,-3,-53,23,7,-44,23,25,-32,7,45,-12,-19,59,17,-38,71,46,-37,66,59,-22,46,61,-7,35,59,1,32,57,5,31,57,7,30,58
punch(13), 7,29,56,1,31,57,-25,53,62,-33,64,59,-37,70,42,-38,57,21,12,37,0,44,17,-19,20,5,-34,10,3,-47,4,1,-55,0,0,-60,-2,1,-63
punch(13), 1,-5,-65,7,-7,-61,18,-2,-52,26,13,-39,23,32,-23,-3,49,-3,-34,58,20,-47,58,42,-43,52,56,-30,42,59,-15,37,58,-7,33,57,-1,30,57
punch(13), -1,29,57,-10,34,59,-30,47,63,-45,59,62,-47,64,48,-41,56,26,2,31,4,37,15,-20,27,10,-37,16,3,-48,9,0,-57,4,-1,-60,1,-1,-62
punch(12), 4,-5,-63,15,-3,-55,28,8,-41,5,45,-12,-25,55,13,-44,59,48,-44,53,66,-28,44,64,-13,36,60,-2,30,58,3,29,58,6,27,58
punch(13), 4,29,58,-11,39,62,-32,55,69,-40,63,64,-40,66,41,-32,58,14,12,32,-4,40,11,-23,24,5,-40,14,1,-52,8,0,-60,4,0,-62,2,0,-63
punch(14), 6,-3,-63,14,-3,-57,23,6,-47,26,25,-35,13,43,-19,-11,53,2,-38,55,37,-47,53,63,-37,47,65,-19,38,61,-4,32,58,3,29,58,5,28,58,7,27,58
punch(12), 5,28,57,-4,34,60,-23,46,65,-38,58,67,-41,64,54,-39,61,27,-27,34,3,19,14,-17,21,-2,-44,11,-2,-56,5,-3,-61,2,-2,-64
punch(13), 5,-6,-63,16,-5,-54,27,6,-44,24,26,-31,5,43,-14,-22,52,14,-43,53,47,-48,48,64,-35,42,65,-16,37,60,-4,32,58,2,30,58,5,28,58
punch(13), 3,27,59,-10,33,62,-28,44,66,-37,56,64,-40,64,49,-39,61,25,-31,37,6,8,16,-13,34,14,-33,20,8,-48,10,4,-58,5,3,-64,1,2,-65
punch(13), 0,0,-66,7,-2,-63,17,1,-52,23,15,-39,14,34,-21,-10,47,0,-37,51,29,-51,51,55,-45,46,64,-13,31,60,-5,29,59,0,28,59,2,26,58
punch(13), 1,27,57,-13,34,59,-33,45,65,-43,58,67,-45,66,49,-43,60,23,-20,34,1,23,17,-21,33,15,-39,14,9,-48,5,5,-57,-1,2,-62,-3,2,-63
punch(14), -4,-3,-65,2,-5,-63,11,-5,-56,23,6,-45,25,25,-28,7,42,-5,-24,50,21,-50,52,48,-53,51,63,-38,42,64,-20,34,61,-8,30,60,-2,28,60,0,27,60
punch(13), -4,29,58,-19,35,61,-38,48,67,-45,61,65,-42,67,44,-38,48,17,-14,20,-3,23,17,-25,30,13,-42,16,2,-53,7,-1,-60,2,-2,-62,0,-1,-64
punch(14), 0,-6,-65,6,-8,-64,16,-8,-55,27,5,-40,25,28,-24,2,45,-6,-27,54,18,-50,56,46,-52,52,62,-34,43,62,-16,35,60,-5,31,59,-1,29,58,2,27,58
punch(14), 0,3,-65,6,3,-60,16,8,-49,23,25,-35,19,42,-14,-3,51,10,-35,53,33,-52,48,51,-49,42,58,-34,34,61,-17,29,60,-9,27,60,-5,27,59,-2,26,59
punch(13), 0,26,59,-13,33,61,-37,48,68,-52,58,69,-56,59,50,-52,46,24,0,24,2,38,18,-20,21,14,-38,12,3,-50,5,-2,-59,1,-2,-62,-2,-1,-63
punch(13), 3,-6,-64,9,-5,-58,18,4,-48,15,42,-13,-12,48,9,-45,46,34,-57,47,58,-47,45,64,-27,37,62,-10,31,60,-3,27,60,-2,26,60,1,25,59
punch(14), 0,25,59,-8,27,60,-24,34,62,-39,45,68,-47,52,70,-49,55,56,-44,44,32,10,29,6,43,21,-19,18,12,-37,8,7,-51,3,4,-59,0,3,-61,-1,4,-63
punch(14), 0,0,-66,7,-2,-62,19,-1,-53,28,13,-42,24,35,-26,0,51,-6,-35,55,20,-57,57,47,-54,56,56,-34,45,58,-13,37,58,-2,33,58,1,32,57,3,29,58
punch(12), 1,29,58,-14,35,61,-55,58,69,-49,67,55,-30,57,25,-3,27,-2,27,22,-24,30,23,-40,17,12,-51,8,7,-60,3,3,-63,0,2,-64
punch(14), 2,-5,-64,11,-4,-58,21,3,-48,24,20,-35,13,40,-14,-11,53,13,-39,52,41,-54,47,62,-44,42,70,-22,34,67,-6,28,62,0,25,60,3,23,61,6,24,59
punch(14), 1,23,59,-10,24,60,-22,31,64,-30,44,70,-35,59,69,-41,58,47,-41,43,19,4,27,-9,34,18,-27,18,13,-35,8,7,-49,3,3,-59,1,1,-63,-1,0,-65
punch(13), 0,-2,-66,6,-5,-62,17,-2,-52,23,36,-21,0,49,-1,-29,51,25,-46,49,54,-45,44,69,-32,33,69,-14,24,66,-1,21,63,3,19,62,6,17,62
punch(14), 7,16,62,2,19,63,-15,28,67,-35,40,74,-44,53,73,-47,62,52,-46,53,25,13,31,1,47,11,-17,18,4,-29,8,4,-44,2,1,-55,-2,-1,-62,-3,0,-65
punch(13), 3,-4,-62,12,0,-54,22,13,-43,21,30,-27,2,43,-9,-25,51,13,-46,55,41,-51,53,60,-37,46,62,-17,38,61,-5,34,60,0,30,58,4,27,59
punch(12), 7,25,59,-2,31,61,-22,43,66,-39,56,69,-41,67,57,-35,65,27,-31,39,4,18,20,-13,19,-2,-42,10,-1,-54,5,-5,-61,2,-6,-62
punch(13), 2,-8,-63,9,-5,-56,19,6,-46,23,25,-32,9,42,-16,-16,53,3,-40,55,30,-49,52,53,-40,46,60,-24,40,60,-11,34,59,-3,31,58,1,28,58
punch(13), 0,28,58,-22,37,62,-31,49,67,-36,61,66,-38,67,45,-34,47,18,-4,22,-4,26,23,-24,25,15,-38,13,1,-50,6,1,-60,2,-1,-63,0,-1,-64
punch(14), 1,-2,-66,8,-3,-61,16,2,-53,22,16,-44,14,32,-26,-11,40,-2,-41,41,24,-58,43,50,-53,45,63,-35,40,62,-16,31,60,-8,29,59,-5,28,58,-2,26,58
punch(13), -4,26,59,-16,31,60,-34,41,64,-48,51,66,-52,55,54,-46,51,29,-25,34,4,17,21,-19,32,13,-35,16,3,-47,8,-1,-58,3,-5,-62,0,-5,-63
punch(14), 4,-3,-62,11,3,-55,17,17,-46,15,33,-31,2,44,-8,-22,48,17,-45,48,44,-52,48,63,-41,43,67,-22,34,63,-2,28,60,1,26,60,3,25,59,4,25,58
punch(13), 2,26,59,-5,31,59,-24,43,62,-42,54,64,-47,62,54,-46,60,31,-37,42,10,6,23,-14,34,15,-35,21,6,-45,11,1,-54,6,-1,-61,2,-2,-63
>
